data/RAM/gt_files/occlusions/frame_20111220T114413.016266.txt
0.0690472 0.0231726 -0.00783673 2.98398
0.222738 -0.121236 -0.0101602 0.180527
-0.140037 -0.151236 -0.00315765 1.01585
-0.046367 -0.306902 -0.00200667 -0.583182
data/RAM/gt_files/occlusions/frame_20111220T120147.910222.txt
-0.0410606 0.0288958 0.00419276 -1.99296
0.122617 -0.0511838 -0.00811826 -2.76371
-0.0267582 -0.222445 -0.0164699 -1.50844
data/RAM/gt_files/occlusions/frame_20111221T142149.770360.txt
0.150405 -0.0607677 0.00212692 0.00853921
0.0796935 -0.15818 0.00257883 1.72355
-0.163797 -0.181696 0.00184537 -2.3838
-0.0822492 -0.296291 0.00504797 1.0173
data/RAM/gt_files/occlusions/frame_20111220T114051.053321.txt
0.181508 -0.108687 0.00301094 -2.33886
-0.147629 0.042134 0.000190392 -3.04634
-0.0449037 0.17354 0.000442609 -1.11997
0.328082 -0.0936253 -0.00315484 2.98572
data/RAM/gt_files/occlusions/frame_20111220T120006.581890.txt
-0.0557897 -0.0813203 0.00133302 -0.642939
0.122761 -0.169764 -0.00593295 -2.51873
-0.216477 -0.278737 -0.00329271 2.42669
-0.175902 -0.186787 0.000823811 -0.565165
data/RAM/gt_files/occlusions/frame_20111220T114827.329624.txt
-0.192078 -0.140722 -0.0011624 -2.88686
0.128604 -0.0192282 -0.0031132 1.62944
-0.0469207 0.107609 0.00421949 -2.31156
data/RAM/gt_files/occlusions/wine_glass_occluded_by_mass.txt
-0.193956 -0.0668572 0.0543286 1.2473
0.0412314 0.0399287 0.142433 -0.857756
data/RAM/gt_files/occlusions/frame_20111220T115302.940896.txt
-0.0591003 -0.337368 -0.00470188 -2.88412
-0.236144 -0.240023 4.98816e-05 -2.53177
-0.0694027 -0.0823298 -0.00349882 -2.3677
0.12994 -0.168523 -0.0114191 1.15387
data/RAM/gt_files/occlusions/frame_20111220T115946.415206.txt
-0.0156096 -0.2311 0.00246891 -1.635
-0.159756 -0.10369 -0.00227877 2.65352
0.201857 -0.0627209 -0.00481583 -0.67523
0.135963 -0.151926 0.00156674 -1.53818
data/RAM/gt_files/occlusions/frame_20111220T120142.169847.txt
-0.0777395 -0.0186302 0.0031715 -2.59131
0.00517105 -0.191245 -0.010837 2.79667
-0.218029 -0.22927 0.000673924 -2.18511
data/RAM/gt_files/occlusions/frame_20111221T142031.994106.txt
-0.174776 0.0199043 -0.00474963 2.53869
-0.00774907 -0.122605 -0.000313491 1.86221
0.115475 0.0514432 0.00181578 1.52574
data/RAM/gt_files/occlusions/frame_20111220T114846.520256.txt
-0.0391993 -0.038089 -0.00250265 1.12027
0.0691866 -0.307557 0.00203465 1.75981
-0.141051 -0.367773 -0.00500692 -2.94256
data/RAM/gt_files/occlusions/frame_20111220T115445.303284.txt
-0.0575672 -0.0176533 0.000107259 -1.43851
0.0411819 -0.0290598 0.00206424 1.4419
-0.16795 -0.0165823 0.000859812 -1.44196
0.157561 -0.0283612 0.00224969 2.79227
data/RAM/gt_files/occlusions/frame_20111220T120202.414337.txt
0.188113 -0.0984757 0.0030944 -3.10137
0.130765 -0.318077 -0.0124055 -0.873813
-0.0361779 -0.216083 0.000260158 -2.63494
data/RAM/gt_files/occlusions/frame_20111220T115232.273903.txt
-0.00625154 0.0560852 0.00104176 1.63977
0.180246 -0.0335296 0.00175875 2.2801
-0.178209 -0.124499 -0.00807319 -1.96186
0.0248241 -0.201619 -3.58745e-05 2.21904
data/RAM/gt_files/occlusions/frame_20111220T114557.353958.txt
0.279805 -0.146101 0.00144477 0.453401
0.0919155 0.0601376 0.00327273 -2.86035
0.267013 0.046753 0.00306359 0.569561
0.0446056 -0.120216 -0.000503756 0.796453
data/RAM/gt_files/occlusions/frame_20111220T114103.985982.txt
0.210046 0.229676 0.00365185 -1.78962
0.185912 0.375422 -0.00405367 -2.78229
0.0798892 -0.109509 0.00050576 -2.4497
-0.0600579 -0.0126994 -0.000917062 -0.657854
data/RAM/gt_files/occlusions/frame_20111220T115430.348560.txt
0.0142949 -0.075817 0.00184327 0.629698
0.0506904 0.0215024 0.00210558 -2.82912
-0.00804811 -0.179682 0.00178018 0.593376
0.0743256 0.13502 0.00140266 -1.41919
data/RAM/gt_files/occlusions/frame_20111221T142303.479339.txt
-0.326323 -0.535093 -0.00215895 1.39954
-0.193206 -0.365372 0.00257481 1.1889
-0.0258071 -0.214171 -0.00503379 0.232055
data/RAM/gt_files/occlusions/frame_20111221T142049.534583.txt
0.0121698 -0.155292 -0.00815661 -0.549837
-0.17176 -0.0231198 8.38563e-05 -1.1764
-0.271476 -0.204186 -0.00136165 -3.12566
data/RAM/gt_files/occlusions/frame_20111221T142537.928074.txt
-0.329994 -0.236535 -0.00319208 -2.38314
-0.0511812 -0.101846 -0.00149522 1.41241
-0.212374 -0.316335 -0.00225505 -2.29942
0.0591044 -0.151808 -0.00777295 -2.83321
data/RAM/gt_files/occlusions/frame_20111221T142413.808534.txt
-0.0884514 0.024259 -0.00495548 1.34537
-0.139926 -0.233631 -0.00399076 -1.35743
-0.0323938 -0.131951 0.000777285 -2.86116
0.0593516 -0.30243 -0.00315979 -2.87613
data/RAM/gt_files/occlusions/frame_20111220T114628.408278.txt
0.0379319 -0.0976093 0.00215104 0.174175
-0.151762 -0.109347 0.0031212 0.202805
-0.178051 -0.28229 0.000600994 -2.93963
0.000792498 -0.32984 -0.00386753 2.20508
